30373716
30182726
30346880
27046758
30258631
26580108
27668334
30401849
34887994
30361878
30395081
30160393
30264504
26969026
30211998
27000981
4014397
25851683
30252495
26348103
30271841
26787585
22265687
30163500
30305532
30128985
27066196
27000084
30289194
25887288
30331959
25842038
26612258
30167633
26858510
30259221
25932065
33381474
27109633
26426056
27005769
30372377
4811807
30366084
4185834
30334075
6981153
26628382
3097572
30271717
30391241
10546436
27002635
27002647
27042748
30170546
30318116
26929010
30307197
30294313
27073179
34805219
26581206
30462527
26952994
30143698
27119724
27132510
6538866
10745208
27045860
27179039
1469353
27592484
27202818
24716039
30140107
26900949
27186353
21354767
27115166
26863060
3882427
26278747
27163278
27089612
26884354
30210700
30288638
27018354
26931786
30207919
6850547
27166976
30264607
27116384
15077774
19971676
26848167
26667010
25890017
26891256
27608262
26892558
30352696
27087724
30371818
30257175
26823502
26909790
33415943
30209084
6895950
30394484
30481809
33417030
30274839
26835471
3230155
30165034
25777634
26100958
27168310
30386678
24750460
30209802
27050133
2244426
30188253
30402056
25924056
6538697
30391372
1904722
30135110
26848640
30198539
3927789
3927736
30483355
27138615
24325856
30434902
27035542
26213252
27053945
30140101
27150283
30209818
30256796
27047918
30251948
26810068
25833233
30427480
1652592
26718799
27195204
30234891
30390144
27180599
27176742
26970964
30129008
27031237
27193043
30223840
27109679
19899707
30414462
30300277
26920842
26385514
26394152
26611891
30335799
26374197
30135113
4221462
30384019
27092648
30162055
3878007
30172751
30164448
26219713
20438964
26707088
26348846
26147417
27150284
23774869
5300054
26741061
6538807
26649687
30299345
3168101
27073234
27040157
27597950
27046645
26944582
30192401
26992553
26969115
10759740
27072988
27060077
30317630
26729867
27110448
4017146
25917789
26825664
3059389
27139732
30152072
27184199
26701196
26600786
27066184
3095514
26363987
4058933
26952704
30201003
24299053
26628282
3026559
26810318
27064658
26437223
26786642
26426194
30272143
26999424
26359235
26336252
26871938
27098364
26356631
27050259
26630714
26636712
26905717
27074301
26627736
30143861
26416062
25849049
27013111
26695000
26654269
26937563
26715965
26949264
26588308
26878883
26786317
26369884
27133913
30188243
27072795
30194769
26969244
25900947
26979199
26894602
30162520
24773958
27021609
27202825
3212397
26430636
30195228
26998315
27615564
27098363
26649627
20435622
26654498
3445906
27012731
30170375
4920389
26997663
26725678
26793385
25704492
3078549
27608785
26384741
26949241
6390825
26640371
27196380
26649604
26323032
21328095
26004132
26791452
27621727
27615398
27615441
26793852
26974993
26384292
26721646
26847068
3143727
26908280
3660130
26985996
7056414
26794994
27024959
26809592
26995719
26350706
26990609
26739551
26365022
26586766
3914513
26647163
22265634
25846857
27605669
26888905
26787574
2158490
26340419
25790761
25788426
26731376
25821634
25728612
20495023
22266012
26718828
27170563
26822230
27027913
26704621
10512661
27073291
26721644
25723583
26602795
26389152
26378579
26806528
25944886
26961821
26884373
26965165
26981174
26886408
26346327
26061679
26756049
26704137
26995532
27114240
26636537
5041518
26648284
26611804
3036465
2133433
26761416
26588314
26752852
3578939
3604148
22266126
26304310
26723165
26644205
7154408
4943938
26718836
11502973
25808075
26607693
24753477
26729194
25824686
26383898
25849480
26845362
27042405
25812712
25837262
26804584
20451290
1578714
26791455
6311303
26930375
26892546
26528871
26761325
26778790
26724989
26698601
26746559
26610229
27026997
26759825
25864124
26761688
3837666
11803087
26610786
26269726
25937854
26260853
26593587
26266085
26654145
25818101
19899718
25881615
26718838
25900945
25907029
26386034
24522026
25933890
26951692
26309788
26589957
25765735
26694497
26710371
5330387
26979007
26964434
26333560
26323031
26145033
26935675
26277361
26678509
26318239
6873143
22263645
26796845
26688480
26781703
26799731
26920017
26389601
3230115
7065334
26600660
26615208
20471852
3434070
11526817
25894431
26382767
26363201
20514871
1884684
19951149
26280709
25793398
25978126
25726614
26357945
26703158
26685451
26911450
24860318
7065238
3025375
25789402
25847558
26611806
5327189
3025669
25983044
24325861
27150225
26389928
7051830
22266320
26421474
26580232
26374205
26881114
3868141
6873905
26876180
26586432
26354572
26416603
33458819
34670218
33218378
34922297
4830483
30413195
34966418
33434848
34922293
34964410
30306570
34943623
33412928
34947681
27131218
34953818
34940544
34906611
33417046
34460763
34930755
34926135
34913610
30359003
30317706
30454698
30269016
26885074
33436135
34430056
30394535
30337116
30357885
30176393
30198715
30196805
26263417
26762744
30362186
25747204
30279883
26786669
30299311
27132180
34786971
27595272
34867956
30166972
26752547
26974334
26235346
30204446
32491917
27624665
30337935
32659890
30295905
30413052
33479277
30481973
34834828
25779217
30235440
27063867
30292777
26935296
27002371
26868553
30346023
26709258
26331839
27145041
26367602
30376977
30423193
30221757
30261964
30259043
27073835
26921076
33400376
26794435
30282387
33391824
30171425
30184555
27073079
30170120
26923506
27186348
27180759
30217371
27073057
30246061
33977979
27090753
26266919
30175306
30419744
30257991
30334970
27668250
27074316
30322432
23774847
30479973
26871669
27040921
27185558
27202819
26752558
27663742
26816090
27135473
30466831
30466832
30466833
26715636
30263995
30439557
26266893
30163509
25986662
4840388
27114416
27065898
30335059
30295908
30447451
30367685
30270746
27203619
27604296
30168032
30331149
26816076
30425874
30419063
30353078
30401127
30377703
26304201
26994789
26425062
30293828
27624662
27624661
30387441
30194404
27110296
26730542
27621494
30371772
30323188
26728669
27615233
30140231
26715845
27601006
26290410
30334399
27603669
30307237
30336318
30206431
30283308
26796664
27097910
26899146
26816372
30208004
26425063
27092785
27149818
27102569
27069427
27039069
27191431
27200988
4864908
26954268
30283179
27199913
30209020
30337147
27201353
30276726
30299387
26996640
30122633
27203288
26290398
26985127
30146756
26767512
26958485
26951654
27605698
25882296
26935281
26366496
26804147
30203557
30198729
26752088
26925317
27607392
30181130
30232732
26992383
27069377
26607969
26574965
27140071
26773625
26791910
27195080
30223596
30242164
26931155
30156266
27133303
30207949
30221703
26887153
26633257
30219670
26972258
26968024
27097816
30197911
26683723
26924141
27119586
26691361
30188193
26774033
26661189
25727544
27114911
26718803
26806316
26967920
26603666
30159456
27135550
26861685
26698897
26575103
27172891
25829175
27114417
27176717
26959074
26994321
26782656
26910820
26628329
30243250
26827040
27666671
6874741
26662193
26654146
26797419
26966580
27602185
5350027
26774722
26729868
21941127
30167129
26661191
27597020
26985857
27037539
26890502
27205168
26868408
26841305
26747274
26696871
26316956
26426026
26775933
1389915
26961002
26773744
27042526
27113517
26605028
26799232
27148198
27133264
27056299
27038183
26425068
26926321
26753020
26862829
27019527
26348414
26857170
26752106
27040349
26951953
26928198
26759539
26826398
26760160
26698000
25858758
25857966
26771100
26873799
25823277
26705107
27101874
22232939
26363254
26647117
26957500
27077266
27079318
27089264
26747836
1298871
26811587
26035290
26650037
26662798
26930782
27052289
27041519
27059130
25827741
26897427
26801782
26754831
27063335
27062994
26916202
26667056
26898747
26790961
26270502
26425072
25903033
26803711
25865831
26738204
26412618
26995137
26289138
26382962
26279202
26385746
26677981
26909423
26956641
26779288
26287783
26605946
26907450
26864182
26748673
25884801
26720627
26415327
26292682
27024924
26882327
27005338
26644002
26748223
26639958
26352435
26816383
26828019
26606743
11600078
26616690
26602933
26759783
26857793
26425075
26990713
26968495
26903992
26954003
26668750
26425081
26711487
26745334
26691509
26862259
25801066
26182910
26717795
26831711
26780534
26335560
26921827
26912427
26879060
26696879
26876595
25911694
26389069
26935308
6982558
24751763
26754643
26761978
26959223
26658568
26651353
26365631
26696875
26712235
25845294
26415200
26757373
26389466
26253737
26877237
26657126
25921812
26869052
26318896
26661194
21350556
26838466
26593732
26388555
26887890
25815034
26662192
26280528
26354336
26674021
25945350
25889476
25827935
26284621
26352445
26284595
26769480
26630781
26704590
25908065
26351526
26611083
26860031
26290390
26839582
26301582
26125779
26607928
26336253
26271094
25843976
24827387
26394441
26717012
26774772
26820833
26820836
26352440
24529353
25849006
26375609
26351867
26219893
26673947
5045678
26290642
20505982
26695145
25749813
21941770
26596158
26564988
26575937
26235349
26972694
4078592
26808466
26792822
26177735
26761334
26220722
26779337
24826968
26798463
26946612
26322792
26299410
26389697
26220725
